17 12 9 3 2 2 0 0 2 7 1 3 2 3 6 5 12 5 2 1 4 6 5 6 2 1 4 6 2 6 1 3 0 4 10 0 3 1 0 3 2 0 1 0 0 4 0 0 1 1 0 
12 16 10 3 1 2 0 0 2 7 0 4 1 4 5 5 13 6 1 0 4 5 4 7 2 1 5 8 2 4 1 2 0 3 12 1 3 1 0 4 2 0 2 0 0 3 0 0 1 2 0 
9 10 11 1 1 1 0 0 1 5 0 3 1 2 6 4 9 3 1 0 4 4 4 5 2 1 4 6 2 4 1 1 0 2 9 0 2 0 0 2 1 0 2 0 0 2 0 0 0 1 0 
3 3 1 23 5 3 0 0 3 5 1 8 7 6 3 1 4 2 1 1 1 3 3 3 0 0 0 3 0 1 0 5 0 4 5 1 7 2 0 6 8 1 1 1 2 4 0 0 2 0 0 
2 1 1 5 5 1 0 0 1 2 1 1 3 1 2 1 2 1 1 1 0 1 2 1 0 0 0 1 0 1 0 2 0 2 2 0 2 0 0 2 1 0 0 0 0 2 0 0 0 0 0 
2 2 1 3 1 7 0 0 3 2 0 4 2 3 1 0 2 0 0 0 0 1 1 1 0 0 0 0 0 0 0 3 0 2 2 1 4 1 0 3 2 1 1 0 0 3 0 0 1 0 0 
0 0 0 0 0 0 1 0 0 0 0 0 0 0 0 0 0 0 0 0 0 0 0 0 0 0 0 0 0 0 0 0 0 0 0 0 0 0 0 0 0 0 0 0 0 0 0 0 0 0 0 
0 0 0 0 0 0 0 2 0 0 0 1 0 0 0 0 0 0 0 0 0 0 0 0 0 0 0 0 0 0 0 1 0 0 0 0 1 1 0 0 2 0 0 0 0 0 0 0 0 0 0 
2 2 1 3 1 3 0 0 13 2 0 4 2 3 1 0 2 0 0 0 0 1 1 1 0 0 0 0 0 0 0 4 0 3 3 1 6 3 1 6 4 1 1 0 0 3 0 0 1 0 0 
7 7 5 5 2 2 0 0 2 11 2 3 3 4 8 5 9 4 2 1 5 7 6 8 2 1 4 6 2 5 1 4 0 4 7 0 3 1 0 4 3 0 1 0 0 4 0 1 1 1 0 
1 0 0 1 1 0 0 0 0 2 3 0 1 0 1 1 1 1 1 1 0 2 2 2 0 0 0 1 0 1 0 1 0 1 1 0 1 0 0 1 1 0 0 0 0 1 0 1 0 0 0 
3 4 3 8 1 4 0 1 4 3 0 28 5 7 2 1 4 1 0 0 1 3 2 3 0 0 1 4 1 1 2 6 0 4 8 1 11 4 1 8 14 3 4 1 1 4 0 0 2 1 0 
2 1 1 7 3 2 0 0 2 3 1 5 12 5 3 1 2 1 1 1 0 1 2 1 0 0 0 2 0 1 0 5 0 2 3 1 4 0 0 5 6 1 1 1 1 3 0 0 0 0 0 
3 4 2 6 1 3 0 0 3 4 0 7 5 11 3 2 4 2 0 0 1 2 2 3 0 0 2 3 1 1 1 5 0 2 5 2 4 1 0 5 5 1 2 0 0 4 0 0 1 2 0 
6 5 6 3 2 1 0 0 1 8 1 2 3 3 12 6 7 3 2 1 5 6 6 7 3 2 4 7 3 6 1 4 0 3 7 0 2 0 0 3 2 0 1 0 0 3 0 0 0 1 0 
5 5 4 1 1 0 0 0 0 5 1 1 1 2 6 7 6 4 2 1 4 5 4 6 2 1 5 6 2 5 1 1 0 2 6 1 1 0 0 2 1 0 1 0 0 2 0 0 0 2 0 
12 13 9 4 2 2 0 0 2 9 1 4 2 4 7 6 26 9 2 1 5 7 6 10 3 1 6 12 2 6 1 3 0 4 13 1 4 1 0 5 3 0 2 0 0 4 0 0 1 2 0 
5 6 3 2 1 0 0 0 0 4 1 1 1 2 3 4 9 9 1 1 2 3 2 4 0 0 3 6 1 3 1 1 0 2 6 1 1 0 0 2 1 0 1 0 0 2 0 0 0 2 0 
2 1 1 1 1 0 0 0 0 2 1 0 1 0 2 2 2 1 3 1 2 3 2 3 1 1 1 3 1 2 0 1 0 1 2 0 1 0 0 1 1 0 0 0 0 1 0 0 0 0 0 
1 0 0 1 1 0 0 0 0 1 1 0 1 0 1 1 1 1 1 2 0 1 1 1 0 0 0 2 0 2 0 1 0 1 1 0 1 0 0 1 1 0 0 0 0 1 0 0 0 0 0 
4 4 4 1 0 0 0 0 0 5 0 1 0 1 5 4 5 2 2 0 8 6 4 8 2 1 4 8 2 5 1 0 0 1 5 0 0 0 0 0 1 0 1 0 1 1 0 0 0 1 0 
6 5 4 3 1 1 0 0 1 7 2 3 1 2 6 5 7 3 3 1 6 23 9 19 6 3 8 18 4 9 1 2 0 4 7 0 3 1 0 2 3 0 1 0 0 3 0 1 1 1 0 
5 4 4 3 2 1 0 0 1 6 2 2 2 2 6 4 6 2 2 1 4 9 12 9 5 2 4 10 3 6 1 2 0 2 6 0 2 0 0 2 2 0 1 0 1 3 0 1 0 1 0 
6 7 5 3 1 1 0 0 1 8 2 3 1 3 7 6 10 4 3 1 8 19 9 28 5 2 9 22 4 10 1 2 0 3 10 1 3 1 0 4 4 0 2 0 1 3 0 1 1 2 0 
2 2 2 0 0 0 0 0 0 2 0 0 0 0 3 2 3 0 1 0 2 6 5 5 6 2 4 6 2 5 0 0 0 0 2 0 0 0 0 0 0 0 0 0 0 0 0 0 0 0 0 
1 1 1 0 0 0 0 0 0 1 0 0 0 0 2 1 1 0 1 0 1 3 2 2 2 3 1 2 2 2 0 0 0 0 1 0 0 0 0 0 0 0 0 0 0 0 0 0 0 0 0 
4 5 4 0 0 0 0 0 0 4 0 1 0 2 4 5 6 3 1 0 4 8 4 9 4 1 11 9 3 6 1 0 0 1 5 1 0 0 0 1 0 0 1 0 0 1 0 0 0 2 0 
6 8 6 3 1 0 0 0 0 6 1 4 2 3 7 6 12 6 3 2 8 18 10 22 6 2 9 31 4 11 1 2 0 3 11 1 3 0 0 3 5 0 2 0 1 2 0 0 0 2 0 
2 2 2 0 0 0 0 0 0 2 0 1 0 1 3 2 2 1 1 0 2 4 3 4 2 2 3 4 4 3 1 0 0 0 2 0 0 0 0 0 0 0 1 0 0 1 0 0 0 1 0 
6 4 4 1 1 0 0 0 0 5 1 1 1 1 6 5 6 3 2 2 5 9 6 10 5 2 6 11 3 12 1 1 0 2 5 0 1 0 0 1 1 0 1 0 0 2 0 0 0 1 0 
1 1 1 0 0 0 0 0 0 1 0 2 0 1 1 1 1 1 0 0 1 1 1 1 0 0 1 1 1 1 4 1 0 0 1 0 0 1 0 0 1 0 1 0 0 1 0 0 0 1 0 
3 2 1 5 2 3 0 1 4 4 1 6 5 5 4 1 3 1 1 1 0 2 2 2 0 0 0 2 0 1 1 24 2 6 3 1 5 1 0 5 7 1 1 0 0 4 0 0 1 0 0 
0 0 0 0 0 0 0 0 0 0 0 0 0 0 0 0 0 0 0 0 0 0 0 0 0 0 0 0 0 0 0 2 2 0 0 0 0 0 0 0 0 0 0 0 0 0 0 0 0 0 0 
4 3 2 4 2 2 0 0 3 4 1 4 2 2 3 2 4 2 1 1 1 4 2 3 0 0 1 3 0 2 0 6 0 12 4 0 4 1 0 3 3 0 0 0 0 3 0 0 1 0 0 
10 12 9 5 2 2 0 0 3 7 1 8 3 5 7 6 13 6 2 1 5 7 6 10 2 1 5 11 2 5 1 3 0 4 26 1 6 1 0 7 6 0 3 0 1 4 0 0 1 2 0 
0 1 0 1 0 1 0 0 1 0 0 1 1 2 0 1 1 1 0 0 0 0 0 1 0 0 1 1 0 0 0 1 0 0 1 3 1 0 0 2 1 1 1 0 0 1 0 0 0 1 0 
3 3 2 7 2 4 0 1 6 3 1 11 4 4 2 1 4 1 1 1 0 3 2 3 0 0 0 3 0 1 0 5 0 4 6 1 26 6 1 18 19 2 3 0 0 4 0 0 2 0 0 
1 1 0 2 0 1 0 1 3 1 0 4 0 1 0 0 1 0 0 0 0 1 0 1 0 0 0 0 0 0 1 1 0 1 1 0 6 8 2 6 7 1 0 0 0 1 0 0 2 0 0 
0 0 0 0 0 0 0 0 1 0 0 1 0 0 0 0 0 0 0 0 0 0 0 0 0 0 0 0 0 0 0 0 0 0 0 0 1 2 2 2 1 1 0 0 0 0 0 0 0 0 0 
3 4 2 6 2 3 0 0 6 4 1 8 5 5 3 2 5 2 1 1 0 2 2 4 0 0 1 3 0 1 0 5 0 3 7 2 18 6 2 22 15 2 3 0 0 4 0 0 2 1 0 
2 2 1 8 1 2 0 2 4 3 1 14 6 5 2 1 3 1 1 1 1 3 2 4 0 0 0 5 0 1 1 7 0 3 6 1 19 7 1 15 28 2 2 0 1 3 0 0 2 0 0 
0 0 0 1 0 1 0 0 1 0 0 3 1 1 0 0 0 0 0 0 0 0 0 0 0 0 0 0 0 0 0 1 0 0 0 1 2 1 1 2 2 4 1 0 0 1 0 0 0 0 0 
1 2 2 1 0 1 0 0 1 1 0 4 1 2 1 1 2 1 0 0 1 1 1 2 0 0 1 2 1 1 1 1 0 0 3 1 3 0 0 3 2 1 4 0 0 2 0 0 0 1 0 
0 0 0 1 0 0 0 0 0 0 0 1 1 0 0 0 0 0 0 0 0 0 0 0 0 0 0 0 0 0 0 0 0 0 0 0 0 0 0 0 0 0 0 2 1 1 0 0 0 0 0 
0 0 0 2 0 0 0 0 0 0 0 1 1 0 0 0 0 0 0 0 1 0 1 1 0 0 0 1 0 0 0 0 0 0 1 0 0 0 0 0 1 0 0 1 3 1 0 0 0 0 0 
4 3 2 4 2 3 0 0 3 4 1 4 3 4 3 2 4 2 1 1 1 3 3 3 0 0 1 2 1 2 1 4 0 3 4 1 4 1 0 4 3 1 2 1 1 7 0 0 1 1 0 
0 0 0 0 0 0 0 0 0 0 0 0 0 0 0 0 0 0 0 0 0 0 0 0 0 0 0 0 0 0 0 0 0 0 0 0 0 0 0 0 0 0 0 0 0 0 1 0 0 0 0 
0 0 0 0 0 0 0 0 0 1 1 0 0 0 0 0 0 0 0 0 0 1 1 1 0 0 0 0 0 0 0 0 0 0 0 0 0 0 0 0 0 0 0 0 0 0 0 1 0 0 0 
1 1 0 2 0 1 0 0 1 1 0 2 0 1 0 0 1 0 0 0 0 1 0 1 0 0 0 0 0 0 0 1 0 1 1 0 2 2 0 2 2 0 0 0 0 1 0 0 4 0 0 
1 2 1 0 0 0 0 0 0 1 0 1 0 2 1 2 2 2 0 0 1 1 1 2 0 0 2 2 1 1 1 0 0 0 2 1 0 0 0 1 0 0 1 0 0 1 0 0 0 2 0 
0 0 0 0 0 0 0 0 0 0 0 0 0 0 0 0 0 0 0 0 0 0 0 0 0 0 0 0 0 0 0 0 0 0 0 0 0 0 0 0 0 0 0 0 0 0 0 0 0 0 1 
